# Consolidated Certificate IDs from all sources
# Total unique IDs: 8971
# Generated by consolidate_and_rescrape.py
#
20000
20001
20002
20003
20004
20005
20006
20007
20008
20009
20010
20011
20012
20013
20014
20015
20016
20017
20018
20019
20020
20021
20022
20023
20024
20025
20026
20027
20028
20029
20030
20031
20032
20033
20034
20035
20036
20037
20038
20039
20040
20041
20042
20043
20044
20045
20046
20047
20048
20049
20050
20051
20052
20053
20054
20055
20056
20057
20058
20059
20060
20061
20062
20063
20064
20065
20066
20067
20068
20069
20070
20071
20072
20073
20074
20075
20076
20077
20078
20079
20080
20081
20082
20083
20084
20085
20086
20087
20088
20089
20090
20091
20092
20093
20094
20095
20096
20097
20098
20099
20100
20101
20102
20103
20104
20105
20106
20107
20108
20109
20110
20111
20112
20113
20114
20115
20116
20117
20118
20119
20120
20121
20122
20123
20124
20125
20126
20127
20128
20129
20130
20131
20132
20133
20134
20135
20136
20137
20138
20139
20140
20141
20142
20143
20144
20145
20146
20147
20148
20149
20150
20151
20152
20153
20154
20155
20156
20157
20158
20159
20160
20161
20162
20163
20164
20165
20166
20167
20168
20169
20170
20171
20172
20173
20174
20175
20176
20177
20178
20179
20180
20181
20182
20183
20184
20185
20186
20187
20188
20189
20190
20191
20192
20193
20194
20195
20196
20197
20198
20199
20200
20201
20202
20203
20204
20205
20206
20207
20208
20209
20210
20211
20212
20213
20214
20215
20216
20217
20218
20219
20220
20221
20222
20223
20224
20225
20226
20227
20228
20229
20230
20231
20232
20233
20234
20235
20236
20237
20238
20239
20240
20241
20242
20243
20244
20245
20246
20247
20248
20249
20250
20251
20252
20253
20254
20255
20256
20257
20258
20259
20260
20261
20262
20263
20264
20265
20266
20267
20268
20269
20270
20271
20272
20273
20274
20275
20276
20277
20278
20279
20280
20281
20282
20283
20284
20285
20286
20287
20288
20289
20290
20291
20292
20293
20294
20295
20296
20297
20298
20299
20300
20301
20302
20303
20304
20305
20306
20307
20308
20309
20310
20311
20312
20313
20314
20315
20316
20317
20318
20319
20320
20321
20322
20323
20324
20325
20326
20327
20328
20329
20330
20331
20332
20333
20334
20335
20336
20337
20338
20339
20340
20341
20342
20343
20344
20345
20346
20347
20348
20349
20350
20351
20352
20353
20354
20355
20356
20357
20358
20359
20360
20361
20362
20363
20364
20365
20366
20367
20368
20369
20370
20371
20372
20373
20374
20375
20376
20377
20378
20379
20380
20381
20382
20383
20384
20385
20386
20387
20388
20389
20390
20391
20392
20393
20394
20395
20396
20397
20398
20399
20400
20401
20402
20403
20404
20405
20406
20407
20408
20409
20410
20411
20412
20413
20414
20415
20416
20417
20418
20419
20420
20421
20422
20423
20424
20425
20426
20427
20428
20429
20430
20431
20432
20433
20434
20435
20436
20437
20438
20439
20440
20441
20442
20443
20444
20445
20446
20447
20448
20449
20450
20451
20452
20453
20454
20455
20456
20457
20458
20459
20460
20461
20462
20463
20464
20465
20466
20467
20468
20469
20470
20471
20472
20473
20474
20475
20476
20477
20478
20479
20480
20481
20482
20483
20484
20485
20486
20487
20488
20489
20490
20491
20492
20493
20494
20495
20496
20497
20498
20499
20500
20501
20502
20503
20504
20505
20506
20507
20508
20509
20510
20511
20512
20513
20514
20515
20516
20517
20518
20519
20520
20521
20522
20523
20524
20525
20526
20527
20528
20529
20530
20531
20532
20533
20534
20535
20536
20537
20538
20539
20540
20541
20542
20543
20544
20545
20546
20547
20548
20549
20550
20551
20552
20553
20554
20555
20556
20557
20558
20559
20560
20561
20562
20563
20564
20565
20566
20567
20568
20569
20570
20571
20572
20573
20574
20575
20576
20577
20578
20579
20580
20581
20582
20583
20584
20585
20586
20587
20588
20589
20590
20591
20592
20593
20594
20595
20596
20597
20598
20599
20600
20601
20602
20603
20604
20605
20606
20607
20608
20609
20610
20611
20612
20613
20614
20615
20616
20617
20618
20619
20620
20621
20622
20623
20624
20625
20626
20627
20628
20629
20630
20631
20632
20633
20634
20635
20636
20637
20638
20639
20640
20641
20642
20643
20644
20645
20646
20647
20648
20649
20650
20651
20652
20653
20654
20655
20656
20657
20658
20659
20660
20661
20662
20663
20664
20665
20666
20667
20668
20669
20670
20671
20672
20673
20674
20675
20676
20677
20678
20679
20680
20681
20682
20683
20684
20685
20686
20687
20688
20689
20690
20691
20692
20693
20694
20695
20696
20697
20698
20699
20700
20701
20702
20703
20704
20705
20706
20707
20708
20709
20710
20711
20712
20713
20714
20715
20716
20717
20718
20719
20720
20721
20722
20723
20724
20725
20726
20727
20728
20729
20730
20731
20732
20733
20734
20735
20736
20737
20738
20739
20740
20741
20742
20743
20744
20745
20746
20747
20748
20749
20750
20751
20752
20753
20754
20755
20756
20757
20758
20759
20760
20761
20762
20763
20764
20765
20766
20767
20768
20769
20770
20771
20772
20773
20774
20775
20776
20777
20778
20779
20780
20781
20782
20783
20784
20785
20786
20787
20788
20789
20790
20791
20792
20793
20794
20795
20796
20797
20798
20799
20800
20801
20802
20803
20804
20805
20806
20807
20808
20809
20810
20811
20812
20813
20814
20815
20816
20817
20818
20819
20820
20821
20822
20823
20824
20825
20826
20827
20828
20829
20830
20831
20832
20833
20834
20835
20836
20837
20838
20839
20840
20841
20842
20843
20844
20845
20846
20847
20848
20849
20850
20851
20852
20853
20854
20855
20856
20857
20858
20859
20860
20861
20862
20863
20864
20865
20866
20867
20868
20869
20870
20871
20872
20873
20874
20875
20876
20877
20878
20879
20880
20881
20882
20883
20884
20885
20886
20887
20888
20889
20890
20891
20892
20893
20894
20895
20896
20897
20898
20899
20900
20901
20902
20903
20904
20905
20906
20907
20908
20909
20910
20911
20912
20913
20914
20915
20916
20917
20918
20919
20920
20921
20922
20923
20924
20925
20926
20927
20928
20929
20930
20931
20932
20933
20934
20935
20936
20937
20938
20939
20940
20941
20942
20943
20944
20945
20946
20947
20948
20949
20950
20951
20952
20953
20954
20955
20956
20957
20958
20959
20960
20961
20962
20963
20964
20965
20966
20967
20968
20969
20970
20971
20972
20973
20974
20975
20976
20977
20978
20979
20980
20981
20982
20983
20984
20985
20986
20987
20988
20989
20990
20991
20992
20993
20994
20995
20996
20997
20998
20999
202000
202001
202002
202003
202004
202005
202006
202007
202008
202009
202010
202011
202012
202013
202014
202015
202016
202017
202018
202019
202020
202021
202022
202023
202024
202025
202026
202027
202028
202029
202030
202031
202032
202033
202034
202035
202036
202037
202038
202039
202040
202041
202042
202043
202044
202045
202046
202047
202048
202049
202050
202051
202052
202053
202054
202055
202056
202057
202058
202059
202060
202061
202062
202063
202064
202065
202066
202067
202068
202069
202070
202071
202072
202073
202074
202075
202076
202077
202078
202079
202080
202081
202082
202083
202084
202085
202086
202087
202088
202089
202090
202091
202092
202093
202094
202095
202096
202097
202098
202099
202100
202101
202102
202103
202104
202105
202106
202107
202108
202109
202110
202111
202112
202113
202114
202115
202116
202117
202118
202119
202120
202121
202122
202123
202124
202125
202126
202127
202128
202129
202130
202131
202132
202133
202134
202135
202136
202137
202138
202139
202140
202141
202142
202143
202144
202145
202146
202147
202148
202149
202150
202151
202152
202153
202154
202155
202156
202157
202158
202159
202160
202161
202162
202163
202164
202165
202166
202167
202168
202169
202170
202171
202172
202173
202174
202175
202176
202177
202178
202179
202180
202181
202182
202183
202184
202185
202186
202187
202188
202189
202190
202191
202192
202193
202194
202195
202196
202197
202198
202199
202200
202201
202202
202203
202204
202205
202206
202207
202208
202209
202210
202211
202212
202213
202214
202215
202216
202217
202218
202219
202220
202221
202222
202223
202224
202225
202226
202227
202228
202229
202230
202231
202232
202233
202234
202235
202236
202237
202238
202239
202240
202241
202242
202243
202244
202245
202246
202247
202248
202249
202250
202251
202252
202253
202254
202255
202256
202257
202258
202259
202260
202261
202262
202263
202264
202265
202266
202267
202268
202269
202270
202271
202272
202273
202274
202275
202276
202277
202278
202279
202280
202281
202282
202283
202284
202285
202286
202287
202288
202289
202290
202291
202292
202293
202294
202295
202296
202297
202298
202299
202300
202301
202302
202303
202304
202305
202306
202307
202308
202309
202310
202311
202312
202313
202314
202315
202316
202317
202318
202319
202320
202321
202322
202323
202324
202325
202326
202327
202328
202329
202330
202331
202332
202333
202334
202335
202336
202337
202338
202339
202340
202341
202342
202343
202344
202345
202346
202347
202348
202349
202350
202351
202352
202353
202354
202355
202356
202357
202358
202359
202360
202361
202362
202363
202364
202365
202366
202367
202368
202369
202370
202371
202372
202373
202374
202375
202376
202377
202378
202379
202380
202381
202382
202383
202384
202385
202386
202387
202388
202389
202390
202391
202392
202393
202394
202395
202396
202397
202398
202399
202400
202401
202402
202403
202404
202405
202406
202407
202408
202409
202410
202411
202412
202413
202414
202415
202416
202417
202418
202419
202420
202421
202422
202423
202424
202425
202426
202427
202428
202429
202430
202431
202432
202433
202434
202435
202436
202437
202438
202439
202440
202441
202442
202443
202444
202445
202446
202447
202448
202449
202450
202451
202452
202453
202454
202455
202456
202457
202458
202459
202460
202461
202462
202463
202464
202465
202466
202467
202468
202469
202470
202471
202472
202473
202474
202475
202476
202477
202478
202479
202480
202481
202482
202483
202484
202485
202486
202487
202488
202489
202490
202491
202492
202493
202494
202495
202496
202497
202498
202499
202500
202501
202502
202503
202504
202505
202506
202507
202508
202509
202510
202511
202512
202513
202514
202515
202516
202517
202518
202519
202520
202521
202522
202523
202524
202525
202526
202527
202528
202529
202530
202531
202532
202533
202534
202535
202536
202537
202538
202539
202540
202541
202542
202543
202544
202545
202546
202547
202548
202549
202550
202551
202552
202553
202554
202555
202556
202557
202558
202559
202560
202561
202562
202563
202564
202565
202566
202567
202568
202569
202570
202571
202572
202573
202574
202575
202576
202577
202578
202579
202580
202581
202582
202583
202584
202585
202586
202587
202588
202589
202590
202591
202592
202593
202594
202595
202596
202597
202598
202599
202600
202601
202602
202603
202604
202605
202606
202607
202608
202609
202610
202611
202612
202613
202614
202615
202616
202617
202618
202619
202620
202621
202622
202623
202624
202625
202626
202627
202628
202629
202630
202631
202632
202633
202634
202635
202636
202637
202638
202639
202640
202641
202642
202643
202644
202645
202646
202647
202648
202649
202650
202651
202652
202653
202654
202655
202656
202657
202658
202659
202660
202661
202662
202663
202664
202665
202666
202667
202668
202669
202670
202671
202672
202673
202674
202675
202676
202677
202678
202679
202680
202681
202682
202683
202684
202685
202686
202687
202688
202689
202690
202691
202692
202693
202694
202695
202696
202697
202698
202699
202700
202701
202702
202703
202704
202705
202706
202707
202708
202709
202710
202711
202712
202713
202714
202715
202716
202717
202718
202719
202720
202721
202722
202723
202724
202725
202726
202727
202728
202729
202730
202731
202732
202733
202734
202735
202736
202737
202738
202739
202740
202741
202742
202743
202744
202745
202746
202747
202748
202749
202750
202751
202752
202753
202754
202755
202756
202757
202758
202759
202760
202761
202762
202763
202764
202765
202766
202767
202768
202769
202770
202771
202772
202773
202774
202775
202776
202777
202778
202779
202780
202781
202782
202783
202784
202785
202786
202787
202788
202789
202790
202791
202792
202793
202794
202795
202796
202797
202798
202799
202800
202801
202802
202803
202804
202805
202806
202807
202808
202809
202810
202811
202812
202813
202814
202815
202816
202817
202818
202819
202820
202821
202822
202823
202824
202825
202826
202827
202828
202829
202830
202831
202832
202833
202834
202835
202836
202837
202838
202839
202840
202841
202842
202843
202844
202845
202846
202847
202848
202849
202850
202851
202852
202853
202854
202855
202856
202857
202858
202859
202860
202861
202862
202863
202864
202865
202866
202867
202868
202869
202870
202871
202872
202873
202874
202875
202876
202877
202878
202879
202880
202881
202882
202883
202884
202885
202886
202887
202888
202889
202890
202891
202892
202893
202894
202895
202896
202897
202898
202899
202900
202901
202902
202903
202904
202905
202906
202907
202908
202909
202910
202911
202912
202913
202914
202915
202916
202917
202918
202919
202920
202921
202922
202923
202924
202925
202926
202927
202928
202929
202930
202931
202932
202933
202934
202935
202936
202937
202938
202939
202940
202941
202942
202943
202944
202945
202946
202947
202948
202949
202950
202951
202952
202953
202954
202955
202956
202957
202958
202959
202960
202961
202962
202963
202964
202965
202966
202967
202968
202969
202970
202971
202972
202973
202974
202975
202976
202977
202978
202979
202980
202981
202982
202983
202984
202985
202986
202987
202988
202989
202990
202991
202992
202993
202994
202995
202996
202997
202998
202999
203000
203001
203002
203003
203004
203005
203006
203007
203008
203009
203010
203011
203012
203013
203014
203015
203016
203017
203018
203019
203020
203021
203022
203023
203024
203025
203026
203027
203028
203029
203030
203031
203032
203033
203034
203035
203036
203037
203038
203039
203040
203041
203042
203043
203044
203045
203046
203047
203048
203049
203050
203051
203052
203053
203054
203055
203056
203057
203058
203059
203060
203061
203062
203063
203064
203065
203066
203067
203068
203069
203070
203071
203072
203073
203074
203075
203076
203077
203078
203079
203080
203081
203082
203083
203084
203085
203086
203087
203088
203089
203090
203091
203092
203093
203094
203095
203096
203097
203098
203099
203100
203101
203102
203103
203104
203105
203106
203107
203108
203109
203110
203111
203112
203113
203114
203115
203116
203117
203118
203119
203120
203121
203122
203123
203124
203125
203126
203127
203128
203129
203130
203131
203132
203133
203134
203135
203136
203137
203138
203139
203140
203141
203142
203143
203144
203145
203146
203147
203148
203149
203150
203151
203152
203153
203154
203155
203156
203157
203158
203159
203160
203161
203162
203163
203164
203165
203166
203167
203168
203169
203170
203171
203172
203173
203174
203175
203176
203177
203178
203179
203180
203181
203182
203183
203184
203185
203186
203187
203188
203189
203190
203191
203192
203193
203194
203195
203196
203197
203198
203199
203200
203201
203202
203203
203204
203205
203206
203207
203208
203209
203210
203211
203212
203213
203214
203215
203216
203217
203218
203219
203220
203221
203222
203223
203224
203225
203226
203227
203228
203229
203230
203231
203232
203233
203234
203235
203236
203237
203238
203239
203240
203241
203242
203243
203244
203245
203246
203247
203248
203249
203250
203251
203252
203253
203254
203255
203256
203257
203258
203259
203260
203261
203262
203263
203264
203265
203266
203267
203268
203269
203270
203271
203272
203273
203274
203275
203276
203277
203278
203279
203280
203281
203282
203283
203284
203285
203286
203287
203288
203289
203290
203291
203292
203293
203294
203295
203296
203297
203298
203299
203300
203301
203302
203303
203304
203305
203306
203307
203308
203309
203310
203311
203312
203313
203314
203315
203316
203317
203318
203319
203320
203321
203322
203323
203324
203325
203326
203327
203328
203329
203330
203331
203332
203333
203334
203335
203336
203337
203338
203339
203340
203341
203342
203343
203344
203345
203346
203347
203348
203349
203350
203351
203352
203353
203354
203355
203356
203357
203358
203359
203360
203361
203362
203363
203364
203365
203366
203367
203368
203369
203370
203371
203372
203373
203374
203375
203376
203377
203378
203379
203380
203381
203382
203383
203384
203385
203386
203387
203388
203389
203390
203391
203392
203393
203394
203395
203396
203397
203398
203399
203400
203401
203402
203403
203404
203405
203406
203407
203408
203409
203410
203411
203412
203413
203414
203415
203416
203417
203418
203419
203420
203421
203422
203423
203424
203425
203426
203427
203428
203429
203430
203431
203432
203433
203434
203435
203436
203437
203438
203439
203440
203441
203442
203443
203444
203445
203446
203447
203448
203449
203450
203451
203452
203453
203454
203455
203456
203457
203458
203459
203460
203461
203462
203463
203464
203465
203466
203467
203468
203469
203470
203471
203472
203473
203474
203475
203476
203477
203478
203479
203480
203481
203482
203483
203484
203485
203486
203487
203488
203489
203490
203491
203492
203493
203494
203495
203496
203497
203498
203499
203500
203501
203502
203503
203504
203505
203506
203507
203508
203509
203510
203511
203512
203513
203514
203515
203516
203517
203518
203519
203520
203521
203522
203523
203524
203525
203526
203527
203528
203529
203530
203531
203532
203533
203534
203535
203536
203537
203538
203539
203540
203541
203542
203543
203544
203545
203546
203547
203548
203549
203550
203551
203552
203553
203554
203555
203556
203557
203558
203559
203560
203561
203562
203563
203564
203565
203566
203567
203568
203569
203570
203571
203572
203573
203574
203575
203576
203577
203578
203579
203580
203581
203582
203583
203584
203585
203586
203587
203588
203589
203590
203591
203592
203593
203594
203595
203596
203597
203598
203599
203600
203601
203602
203603
203604
203605
203606
203607
203608
203609
203610
203611
203612
203613
203614
203615
203616
203617
203618
203619
203620
203621
203622
203623
203624
203625
203626
203627
203628
203629
203630
203631
203632
203633
203634
203635
203636
203637
203638
203639
203640
203641
203642
203643
203644
203645
203646
203647
203648
203649
203650
203651
203652
203653
203654
203655
203656
203657
203658
203659
203660
203661
203662
203663
203664
203665
203666
203667
203668
203669
203670
203671
203672
203673
203674
203675
203676
203677
203678
203679
203680
203681
203682
203683
203684
203685
203686
203687
203688
203689
203690
203691
203692
203693
203694
203695
203696
203697
203698
203699
203700
203701
203702
203703
203704
203705
203706
203707
203708
203709
203710
203711
203712
203713
203714
203715
203716
203717
203718
203719
203720
203721
203722
203723
203724
203725
203726
203727
203728
203729
203730
203731
203732
203733
203734
203735
203736
203737
203738
203739
203740
203741
203742
203743
203744
203745
203746
203747
203748
203749
203750
203751
203752
203753
203754
203755
203756
203757
203758
203759
203760
203761
203762
203763
203764
203765
203766
203767
203768
203769
203770
203771
203772
203773
203774
203775
203776
203777
203778
203779
203780
203781
203782
203783
203784
203785
203786
203787
203788
203789
203790
203791
203792
203793
203794
203795
203796
203797
203798
203799
203800
203801
203802
203803
203804
203805
203806
203807
203808
203809
203810
203811
203812
203813
203814
203815
203816
203817
203818
203819
203820
203821
203822
203823
203824
203825
203826
203827
203828
203829
203830
203831
203832
203833
203834
203835
203836
203837
203838
203839
203840
203841
203842
203843
203844
203845
203846
203847
203848
203849
203850
203851
203852
203853
203854
203855
203856
203857
203858
203859
203860
203861
203862
203863
203864
203865
203866
203867
203868
203869
203870
203871
203872
203873
203874
203875
203876
203877
203878
203879
203880
203881
203882
203883
203884
203885
203886
203887
203888
203889
203890
203891
203892
203893
203894
203895
203896
203897
203898
203899
203900
203901
203902
203903
203904
203905
203906
203907
203908
203909
203910
203911
203912
203913
203914
203915
203916
203917
203918
203919
203920
203921
203922
203923
203924
203925
203926
203927
203928
203929
203930
203931
203932
203933
203934
203935
203936
203937
203938
203939
203940
203941
203942
203943
203944
203945
203946
203947
203948
203949
203950
203951
203952
203953
203954
203955
203956
203957
203958
203959
203960
203961
203962
203963
203964
203965
203966
203967
203968
203969
203970
203971
203972
203973
203974
203975
203976
203977
203978
203979
203980
203981
203982
203983
203984
203985
203986
203987
203988
203989
203990
203991
203992
203993
203994
203995
203996
203997
203998
203999
2011101
2011102
2011103
2011104
2011105
2011106
2011107
2011108
2011109
2011110
2011111
2011112
2011113
2011114
2011115
2011116
2011117
2011118
2011119
2011120
2011121
2011122
2011123
2011124
2011125
2011126
2011127
2011128
2011129
2011130
2011131
2011132
2011133
2011134
2011135
2011136
2011137
2011138
2011139
2011140
2011141
2011142
2011143
2011144
2011145
2011146
2011147
2011148
2011149
2011150
2011151
2011152
2011153
2011154
2011155
2011156
2011157
2011158
2011159
2011160
2011161
2011162
2011163
2011164
2011165
2011166
2011167
2011168
2011169
2011170
2011171
2011172
2011173
2011174
2011175
2011176
2011177
2011178
2011179
2011180
2011181
2011182
2011183
2011184
2011185
2011186
2011187
2011188
2011189
2011190
2011191
2011192
2011193
2011194
2011195
2011196
2011197
2011198
2011199
2011200
2011201
2011202
2011203
2011204
2011205
2011206
2011207
2011208
2011209
2011210
2011211
2011212
2011213
2011214
2011215
2011216
2011217
2011218
2011219
2011220
2011221
2011222
2011223
2011224
2011225
2011226
2011227
2011228
2011229
2011230
2011231
2011232
2011233
2011234
2011235
2011236
2011237
2011238
2011239
2011240
2011241
2011242
2011243
2011244
2011245
2011246
2011247
2011248
2011249
2011250
2011251
2011252
2011253
2011254
2011255
2011256
2011257
2011258
2011259
2011260
2011261
2011262
2011263
2011264
2011265
2011266
2011267
2011268
2011269
2011270
2011271
2011272
2011273
2011274
2011275
2011276
2011277
2011278
2011279
2011280
2011281
2011282
2011283
2011284
2011285
2011286
2011287
2011288
2011289
2011290
2011291
2011292
2011293
2011294
2011295
2011296
2011297
2011298
2011299
2011300
2011301
2011302
2011303
2011304
2011305
2011306
2011307
2011308
2011309
2011310
2011311
2011312
2011313
2011314
2011315
2011316
2011317
2011318
2011319
2011320
2011321
2011322
2011323
2011324
2011325
2011326
2011327
2011328
2011329
2011330
2011331
2011332
2011333
2011334
2011335
2011336
2011337
2011338
2011339
2011340
2011341
2011342
2011343
2011344
2011345
2011346
2011347
2011348
2011349
2011350
2011351
2011352
2011353
2011354
2011355
2011356
2011357
2011358
2011359
2011360
2011361
2011362
2011363
2011364
2011365
2011366
2011367
2011368
2011369
2011370
2011371
2011372
2011373
2011374
2011375
2011376
2011377
2011378
2011379
2011380
2011381
2011382
2011383
2011384
2011385
2011386
2011387
2011388
2011389
2011390
2011391
2011392
2011393
2011394
2011395
2011396
2011397
2011398
2011399
2011400
2011401
2011402
2011403
2011404
2011405
2011406
2011407
2011408
2011409
2011410
2011411
2011412
2011413
2011414
2011415
2011416
2011417
2011418
2011419
2011420
2011421
2011422
2011423
2011424
2011425
2011426
2011427
2011428
2011429
2011430
2011431
2011432
2011433
2011434
2011435
2011436
2011437
2011438
2011439
2011440
2011441
2011442
2011443
2011444
2011445
2011446
2011447
2011448
2011449
2011450
2011451
2011452
2011453
2011454
2011455
2011456
2011457
2011458
2011459
2011460
2011461
2011462
2011463
2011464
2011465
2011466
2011467
2011468
2011469
2011470
2011471
2011472
2011473
2011474
2011475
2011476
2011477
2011478
2011479
2011480
2011481
2011482
2011483
2011484
2011485
2011486
2011487
2011488
2011489
2011490
2011491
2011492
2011493
2011494
2011495
2011496
2011497
2011498
2011499
2011500
2011501
2011502
2011503
2011504
2011505
2011506
2011507
2011508
2011509
2011510
2011511
2011512
2011513
2011514
2011515
2011516
2011517
2011518
2011519
2011520
2011521
2011522
2011523
2011524
2011525
2011526
2011527
2011528
2011529
2011530
2011531
2011532
2011533
2011534
2011535
2011536
2011537
2011538
2011539
2011540
2011541
2011542
2011543
2011544
2011545
2011546
2011547
2011548
2011549
2011550
2011551
2011552
2011553
2011554
2011555
2011556
2011557
2011558
2011559
2011560
2011561
2011562
2011563
2011564
2011565
2011566
2011567
2011568
2011569
2011570
2011571
2011572
2011573
2011574
2011575
2011576
2011577
2011578
2011579
2011580
2011581
2011582
2011583
2011584
2011585
2011586
2011587
2011588
2011589
2011590
2011591
2011592
2011593
2011594
2011595
2011596
2011597
2011598
2011599
2011600
2011601
2011602
2011603
2011604
2011605
2011606
2011607
2011608
2011609
2011610
2011611
2011612
2011613
2011614
2011615
2011616
2011617
2011618
2011619
2011620
2011621
2011622
2011623
2011624
2011625
2011626
2011627
2011628
2011629
2011630
2011631
2011632
2011633
2011634
2011635
2011636
2011637
2011638
2011639
2011640
2011641
2011642
2011643
2011644
2011645
2011646
2011647
2011648
2011649
2011650
2011651
2011652
2011653
2011654
2011655
2011656
2011657
2011658
2011659
2011660
2011661
2011662
2011663
2011664
2011665
2011666
2011667
2011668
2011669
2011670
2011671
2011672
2011673
2011674
2011675
2011676
2011677
2011678
2011679
2011680
2011681
2011682
2011683
2011684
2011685
2011686
2011687
2011688
2011689
2011690
2011691
2011692
2011693
2011694
2011695
2011696
2011697
2011698
2011699
2011700
2011701
2011702
2011703
2011704
2011705
2011706
2011707
2011708
2011709
2011710
2011711
2011712
2011713
2011714
2011715
2011716
2011717
2011718
2011719
2011720
2011721
2011722
2011723
2011724
2011725
2011726
2011727
2011728
2011729
2011730
2011731
2011732
2011733
2011734
2011735
2011736
2011737
2011738
2011739
2011740
2011741
2011742
2011743
2011744
2011745
2011746
2011747
2011748
2011749
2011750
2011751
2011752
2011753
2011754
2011755
2011756
2011757
2011758
2011759
2011760
2011761
2011762
2011763
2011764
2011765
2011766
2011767
2011768
2011769
2011770
2011771
2011772
2011773
2011774
2011775
2011776
2011777
2011778
2011779
2011780
2011781
2011782
2011783
2011784
2011785
2011786
2011787
2011788
2011789
2011790
2011791
2011792
2011793
2011794
2011795
2011796
2011797
2011798
2011799
2011800
2011801
2011802
2011803
2011804
2011805
2011806
2011807
2011808
2011809
2011810
2011811
2011812
2011813
2011814
2011815
2011816
2011817
2011818
2011819
2011820
2011821
2011822
2011823
2011824
2011825
2011826
2011827
2011828
2011829
2011830
2011831
2011832
2011833
2011834
2011835
2011836
2011837
2011838
2011839
2011840
2011841
2011842
2011843
2011844
2011845
2011846
2011847
2011848
2011849
2011850
2011851
2011852
2011853
2011854
2011855
2011856
2011857
2011858
2011859
2011860
2011861
2011862
2011863
2011864
2011865
2011866
2011867
2011868
2011869
2011870
2011871
2011872
2011873
2011874
2011875
2011876
2011877
2011878
2011879
2011880
2011881
2011882
2011883
2011884
2011885
2011886
2011887
2011888
2011889
2011890
2011891
2011892
2011893
2011894
2011895
2011896
2011897
2011898
2011899
2011900
2011901
2011902
2011903
2011904
2011905
2011906
2011907
2011908
2011909
2011910
2011911
2011912
2011913
2011914
2011915
2011916
2011917
2011918
2011919
2011920
2011921
2011922
2011923
2011924
2011925
2011926
2011927
2011928
2011929
2011930
2011931
2011932
2011933
2011934
2011935
2011936
2011937
2011938
2011939
2011940
2011941
2011942
2011943
2011944
2011945
2011946
2011947
2011948
2011949
2011950
2011951
2011952
2011953
2011954
2011955
2011956
2011957
2011958
2011959
2011960
2011961
2011962
2011963
2011964
2011965
2011966
2011967
2011968
2011969
2011970
2011971
2011972
2011973
2011974
2011975
2011976
2011977
2011978
2011979
2011980
2011981
2011982
2011983
2011984
2011985
2011986
2011987
2011988
2011989
2011990
2011991
2011992
2011993
2011994
2021763
2021764
2021765
2021766
2021767
2021768
2021769
2021770
2021771
2021772
2021773
2021774
2021775
2021776
2021777
2021778
2021779
2021780
2021781
2021782
2021783
2021784
2021785
2021786
2021787
2021788
2021789
2021790
2021791
2021792
2021793
2021794
2021795
2021796
2021797
2021798
2021799
2021800
2021801
2021802
2021803
2021804
2021805
2021806
2021807
2021808
2021809
2021810
2021811
2021812
2021813
2021814
2021815
2021816
2021817
2021818
2021819
2021820
2021821
2021822
2021823
2021824
2021825
2021826
2021827
2021828
2021829
2021830
2021831
2021832
2021833
2021834
2021835
2021836
2021837
2021838
2021839
2021840
2021841
2021842
2021843
2021844
2021845
2021846
2021847
2021848
2021849
2021850
2021851
2021852
2021853
2021854
2021855
2021856
2021857
2021858
2021859
2021860
2021861
2021862
2021863
2021864
2021865
2021866
2021867
2021868
2021869
2021870
2021871
2021872
2021873
2021874
2021875
2021876
2021877
2021878
2021879
2021880
2021881
2021882
2021883
2021884
2021885
2021886
2021887
2021888
2021889
2021890
2021891
2021892
2021893
2021894
2021895
2021896
2021897
2021898
2021899
2021900
2021901
2021902
2021903
2021904
2021905
2021906
2021907
2021908
2021909
2021910
2021911
2021912
2021913
2021914
2021915
2021916
2021917
2021918
2021919
2021920
2021921
2021922
2021923
2021924
2021925
2021926
2021927
2021928
2021929
2022001
2022002
2022003
2022004
2022005
2022006
2022007
2022008
2022009
2022010
2022011
2022012
2022013
2022014
2022015
2022016
2022017
2022018
2022019
2022020
2022021
2022022
2022023
2022024
2022025
2022026
2022027
2022028
2022029
2022030
2022031
2022032
2022033
2022034
2022035
2022036
2022037
2022038
2022039
2022040
2022041
2022042
2022043
2022044
2022045
2022046
2022047
2022048
2022049
2022050
2022051
2022052
2022053
2022054
2022055
2022056
2022057
2022058
2022059
2022060
2022061
2022062
2022063
2022064
2022065
2022066
2022067
2022068
2022069
2022070
2022071
2022072
2022073
2022074
2022075
2022076
2022077
2022078
2022079
2022080
2022081
2022082
2022083
2022084
2022085
2022086
2022087
2022088
2022089
2022090
2022091
2022092
2022093
2022094
2022095
2022096
2022097
2022098
2022099
2022100
2022101
2022102
2022103
2022104
2022105
2022106
2022107
2022108
2022109
2022110
2022111
2022112
2022113
2022114
2022115
2022116
2022117
2022118
2022119
2022120
2022121
2022122
2022123
2022124
2022125
2022126
2022127
2022128
2022129
2022130
2022131
2022132
2022133
2022134
2022135
2022136
2022137
2022138
2022139
2022140
2022141
2022142
2022143
2022144
2022145
2022146
2022147
2022148
2022149
2022150
2022151
2022152
2022153
2022154
2022155
2022156
2022157
2022158
2022159
2022160
2022161
2022162
2022163
2022164
2022165
2022166
2022167
2022168
2022169
2022170
2022171
2022172
2022173
2022174
2022175
2022176
2022177
2022178
2022179
2022180
2022181
2022182
2022183
2022184
2022185
2022186
2022187
2022188
2022189
2022190
2022191
2022192
2022193
2022194
2022195
2022196
2022197
2022198
2022199
2022200
2022201
2022202
2022203
2022204
2022205
2022206
2022207
2022208
2022209
2022210
2022211
2022212
2022213
2022214
2022215
2022216
2022217
2022218
2022219
2022220
2022221
2022222
2022223
2022224
2022225
2022226
2022227
2022228
2022229
2022230
2022231
2022232
2022233
2022234
2022235
2022236
2022237
2022238
2022239
2022240
2022241
2022242
2022243
2022244
2022245
2022246
2022247
2022248
2022249
2022250
2022251
2022252
2022253
2022254
2022255
2022256
2022257
2022258
2022259
2022260
2022261
2022262
2022263
2022264
2022265
2022266
2022267
2022268
2022269
2022270
2022271
2022272
2022273
2022274
2022275
2022276
2022277
2022278
2022279
2022280
2022281
2022282
2022283
2022284
2022285
2022286
2022287
2022288
2022289
2022290
2022291
2022292
2022293
2022294
2022295
2022296
2022297
2022298
2022299
2022300
2022301
2022302
2022303
2022304
2022305
2022306
2022307
2022308
2022309
2022310
2022311
2022312
2022313
2022314
2022315
2022316
2022317
2022318
2022319
2022320
2022321
2022322
2022323
2022324
2022325
2022326
2022327
2022328
2022329
2022330
2022331
2022332
2022333
2022334
2022335
2022336
2022337
2022338
2022339
2022340
2022341
2022342
2022343
2022344
2022345
2022346
2022347
2022348
2022349
2022350
2022351
2022352
2022353
2022354
2022355
2022356
2022357
2022358
2022359
2022360
2022361
2022362
2022363
2022364
2022365
2022366
2022367
2022368
2022369
2022370
2022371
2022372
2022373
2022374
2022375
2022376
2022377
2022378
2022379
2022380
2022381
2022382
2022383
2022384
2022385
2022386
2022387
2022388
2022389
2022390
2022391
2022392
2022393
2022394
2022395
2022396
2022397
2022398
2022399
2022400
2022401
2022402
2022403
2022404
2022405
2022406
2022407
2022408
2022409
2022410
2022411
2022412
2022413
2022414
2022415
2022416
2022417
2022418
2022419
2022420
2022421
2022422
2022423
2022424
2022425
2022426
2022427
2022428
2022429
2022430
2022431
2022432
2022433
2022434
2022435
2022436
2022437
2022438
2022439
2022440
2022441
2022442
2022443
2022444
2022445
2022446
2022447
2022448
2022449
2022450
2022451
2022452
2022453
2022454
2022455
2022456
2022457
2022458
2022459
2022460
2022461
2022462
2022463
2022464
2022465
2022466
2022467
2022468
2022469
2022470
2022471
2022472
2022473
2022474
2022475
2022476
2022477
2022478
2022479
2022480
2022481
2022482
2022483
2022484
2022485
2022486
2022487
2022488
2022489
2022490
2022491
2022492
2022493
2022494
2022495
2022496
2022497
2022498
2022499
2022500
2022501
2022502
2022503
2022504
2022505
2022506
2022507
2022508
2022509
2022510
2022511
2022512
2022513
2022514
2022515
2022516
2022517
2022518
2022519
2022520
2022521
2022522
2022523
2022524
2022525
2022526
2022527
2022528
2022529
2022530
2022531
2022532
2022533
2022534
2022535
2022536
2022537
2022538
2022539
2022540
2022541
2022542
2022543
2022544
2022545
2022546
2022547
2022548
2022549
2022550
2022551
2022552
2022553
2022554
2022555
2022556
2022557
2022558
2022559
2022560
2022561
2022562
2022563
2022564
2022565
2022566
2022567
2022568
2022569
2022570
2022571
2022572
2022573
2022574
2022575
2022576
2022577
2022578
2022579
2022580
2022581
2022582
2022583
2022584
2022585
2022586
2022587
2022588
2022589
2022590
2022591
2022592
2022593
2022594
2022595
2022596
2022597
2022598
2022599
2022600
2022601
2022602
2022603
2022604
2022605
2022606
2022607
2022608
2022609
2022610
2022611
2022612
2022613
2022614
2022615
2022616
2022617
2022618
2022619
2022620
2022621
2022622
2022623
2022624
2022625
2022626
2022627
2022628
2022629
2022630
2022631
2022632
2022633
2022634
2022635
2022636
2022637
2022638
2022639
2022640
2022641
2022642
2022643
2022644
2022645
2022646
2022647
2022648
2022649
2022650
2022651
2022652
2022653
2022654
2022655
2022656
2022657
2022658
2022659
2022660
2022661
2022662
2022663
2022664
2022665
2022666
2022667
2022668
2022669
2022670
2022671
2022672
2022673
2022674
2022675
2022676
2022677
2022678
2022679
2022680
2022681
2022682
2022683
2022684
2022685
2022686
2022687
2022688
2022689
2022690
2022691
2022692
2022693
2022694
2022695
2022696
2022697
2022698
2022699
2022700
2022701
2022702
2022703
2022704
2022705
2022706
2022707
2022708
2022709
2022710
2022711
2022712
2022713
2022714
2022715
2022716
2022717
2022718
2022719
2022720
2022721
2022722
2022723
2022724
2022725
2022726
2022727
2022728
2022729
2022730
2022731
2022732
2022733
2022734
2022735
2022736
2022737
2022738
2022739
2022740
2022741
2022742
2022743
2022744
2022745
2022746
2022747
2022748
2022749
2022750
2022751
2022752
2022753
2022754
2022755
2022756
2022757
2022758
2022759
2022760
2022761
2022762
2022763
2022764
2022765
2022766
2022767
2022768
2022769
2022770
2022771
2022772
2022773
2022774
2022775
2022776
2022777
2022778
2022779
2022780
2022781
2022782
2022783
2022784
2022785
2022786
2022787
2022788
2022789
2022790
2022791
2022792
2022793
2022794
2022795
2022796
2022797
2022798
2022799
2022800
2022801
2022802
2022803
2022804
2022805
2022806
2022807
2022808
2022809
2022810
2022811
2022812
2022813
2022814
2022815
2022816
2022817
2022818
2022819
2022820
2022821
2022822
2022823
2022824
2022825
2022826
2022827
2022828
2022829
2022830
2022831
2022832
2022833
2022834
2022835
2022836
2022837
2022838
2022839
2022840
2022841
2022842
2022843
2022844
2022845
2022846
2022847
2022848
2022849
2022850
2022851
2022852
2022853
2022854
2022855
2022856
2022857
2022858
2022859
2022860
2022861
2022862
2022863
2022864
2022865
2022866
2022867
2022868
2022869
2022870
2022871
2022872
2022873
2022874
2022875
2022876
2022877
2022878
2022879
2022880
2022881
2022882
2022883
2022884
2022885
2022886
2022887
2022888
2022889
2022890
2022891
2022892
2022893
2022894
2022895
2022896
2022897
2022898
2022899
2022900
2022901
2022902
2022903
2022904
2022905
2022906
2022907
2022908
2022909
2022910
2022911
2022912
2022913
2022914
2022915
2022916
2022917
2022918
2022919
2022920
2022921
2022922
2022923
2022924
2022925
2022926
2022927
2022928
2022929
2022930
2022931
2022932
2022933
2022934
2022935
2022936
2022937
2022938
2022939
2022940
2022941
2022942
2022943
2022944
2022945
2022946
2022947
2022948
2022949
2022950
2022951
2022952
2022953
2022954
2022955
2022956
2022957
2022958
2022959
2022960
2022961
2022962
2022963
2022964
2022965
2022966
2022967
2022968
2022969
2022970
2022971
2022972
2022973
2022974
2022975
2022976
2022977
2022978
2022979
2022980
2022981
2022982
2022983
2022984
2022985
2022986
2022987
2022988
2022989
2022990
2022991
2022992
2022993
2022994
2022995
2023101
2023102
2023103
2023104
2023105
2023106
2023107
2023108
2023109
2023110
2023111
2023112
2023113
2023114
2023115
2023116
2023117
2023118
2023119
2023120
2023121
2023122
2023123
2023124
2023125
2023126
2023127
2023128
2023129
2023130
2023131
2023132
2023133
2023134
2023135
2023136
2023137
2023138
2023139
2023140
2023141
2023142
2023143
2023144
2023145
2023146
2023147
2023148
2023149
2023150
2023151
2023152
2023153
2023154
2023155
2023156
2023157
2023158
2023159
2023160
2023161
2023162
2023163
2023164
2023165
2023166
2023167
2023168
2023169
2023170
2023171
2023172
2023173
2023174
2023175
2023176
2023177
2023178
2023179
2023180
2023181
2023182
2023183
2023184
2023185
2023186
2023187
2023188
2023189
2023190
2023191
2023192
2023193
2023194
2023195
2023196
2023197
2023198
2023199
2023200
2023201
2023202
2023203
2023204
2023205
2023206
2023207
2023208
2023209
2023210
2023211
2023212
2023213
2023214
2023215
2023216
2023217
2023218
2023219
2023220
2023221
2023222
2023223
2023224
2023225
2023226
2023227
2023228
2023229
2023230
2023231
2023232
2023233
2023234
2023235
2023236
2023237
2023238
2023239
2023240
2023241
2023242
2023243
2023244
2023245
2023246
2023247
2023248
2023249
2023250
2023251
2023252
2023253
2023254
2023255
2023256
2023257
2023258
2023259
2023260
2023261
2023262
2023263
2023264
2023265
2023266
2023267
2023268
2023269
2023270
2023271
2023272
2023273
2023274
2023275
2023276
2023277
2023278
2023279
2023280
2023281
2023282
2023283
2023284
2023285
2023286
2023287
2023288
2023289
2023290
2023291
2023292
2023293
2023294
2023295
2023296
2023297
2023298
2023299
2023300
2023301
2023302
2023303
2023304
2023305
2023306
2023307
2023308
2023309
2023310
2023311
2023312
2023313
2023314
2023315
2023316
2023317
2023318
2023319
2023320
2023321
2023322
2023323
2023324
2023325
2023326
2023327
2023328
2023329
2023330
2023331
2023332
2023333
2023334
2023335
2023336
2023337
2023338
2023339
2023340
2023341
2023342
2023343
2023344
2023345
2023346
2023347
2023348
2023349
2023350
2023351
2023352
2023353
2023354
2023355
2023356
2023357
2023358
2023359
2023360
2023361
2023362
2023363
2023364
2023365
2023366
2023367
2023368
2023369
2023370
2023371
2023372
2023373
2023374
2023375
2023376
2023377
2023378
2023379
2023380
2023381
2023382
2023383
2023384
2023385
2023386
2023387
2023388
2023389
2023390
2023391
2023392
2023393
2023394
2023395
2023396
2023397
2023398
2023399
2023400
2023401
2023402
2023403
2023404
2023405
2023406
2023407
2023408
2023409
2023410
2023411
2023412
2023413
2023414
2023415
2023416
2023417
2023418
2023419
2023420
2023421
2023422
2023423
2023424
2023425
2023426
2023427
2023428
2023429
2023430
2023431
2023432
2023433
2023434
2023435
2023436
2023437
2023438
2023439
2023440
2023441
2023442
2023443
2023444
2023445
2023446
2023447
2023448
2023449
2023450
2023451
2023452
2023453
2023454
2023455
2023456
2023457
2023458
2023459
2023460
2023461
2023462
2023463
2023464
2023465
2023466
2023467
2023468
2023469
2023470
2023471
2023472
2023473
2023474
2023475
2023476
2023477
2023478
2023479
2023480
2023481
2023482
2023483
2023484
2023485
2023486
2023487
2023488
2023489
2023490
2023491
2023492
2023493
2023494
2023495
2023496
2023497
2023498
2023499
2023500
2023501
2023502
2023503
2023504
2023505
2023506
2023507
2023508
2023509
2023510
2023511
2023512
2023513
2023514
2023515
2023516
2023517
2023518
2023519
2023520
2023521
2023522
2023523
2023524
2023525
2023526
2023527
2023528
2023529
2023530
2023531
2023532
2023533
2023534
2023535
2023536
2023537
2023538
2023539
2023540
2023541
2023542
2023543
2023544
2023545
2023546
2023547
2023548
2023549
2023550
2023551
2023552
2023553
2023554
2023555
2023556
2023557
2023558
2023559
2023560
2023561
2023562
2023563
2023564
2023565
2023566
2023567
2023568
2023569
2023570
2023571
2023572
2023573
2023574
2023575
2023576
2023577
2023578
2023579
2023580
2023581
2023582
2023583
2023584
2023585
2023586
2023587
2023588
2023589
2023590
2023591
2023592
2023593
2023594
2023595
2023596
2023597
2023598
2023599
2023600
2023601
2023602
2023603
2023604
2023605
2023606
2023607
2023608
2023609
2023610
2023611
2023612
2023613
2023614
2023615
2023616
2023617
2023618
2023619
2023620
2023621
2023622
2023623
2023624
2023625
2023626
2023627
2023628
2023629
2023630
2023631
2023632
2023633
2023634
2023635
2023636
2023637
2023638
2023639
2023640
2023641
2023642
2023643
2023644
2023645
2023646
2023647
2023648
2023649
2023650
2023651
2023652
2023653
2023654
2023655
2023656
2023657
2023658
2023659
2023660
2023661
2023662
2023663
2023664
2023665
2023666
2023667
2023668
2023669
2023670
2023671
2023672
2023673
2023674
2023675
2023676
2023677
2023678
2023679
2023680
2023681
2023682
2023683
2023684
2023685
2023686
2023687
2023688
2023689
2023690
2023691
2023692
2023693
2023694
2023695
2023696
2023697
2023698
2023699
2023700
2023701
2023702
2023703
2023704
2023705
2023706
2023707
2023708
2023709
2023710
2023711
2023712
2023713
2023714
2023715
2023716
2023717
2023718
2023719
2023720
2023721
2023722
2023723
2023724
2023725
2023726
2023727
2023728
2023729
2023730
2023731
2023732
2023733
2023734
2023735
2023736
2023737
2023738
2023739
2023740
2023741
2023742
2023743
2023744
2023745
2023746
2023747
2023748
2023749
2023750
2023751
2023752
2023753
2023754
2023755
2023756
2023757
2023758
2023759
2023760
2023761
2023762
2023763
2023764
2023765
2023766
2023767
2023768
2023769
2023770
2023771
2023772
2023773
2023774
2023775
2023776
2023777
2023778
2023779
2023780
2023781
2023782
2023783
2023784
2023785
2023786
2023787
2023788
2023789
2023790
2023791
2023792
2023793
2023794
2023795
2023796
2023797
2023798
2023799
2023800
2023801
2023802
2023803
2023804
2023805
2023806
2023807
2023808
2023809
2023810
2023811
2023812
2023813
2023814
2023815
2023816
2023817
2023818
2023819
2023820
2023821
2023822
2023823
2023824
2023825
2023826
2023827
2023828
2023829
2023830
2023831
2023832
2023833
2023834
2023835
2023836
2023837
2023838
2023839
2023840
2023841
2023842
2023843
2023844
2023845
2023846
2023847
2023848
2023849
2023850
2023851
2023852
2023853
2023854
2023855
2023856
2023857
2023858
2023859
2023860
2023861
2023862
2023863
2023864
2023865
2023866
2023867
2023868
2023869
2023870
2023871
2023872
2023873
2023874
2023875
2023876
2023877
2023878
2023879
2023880
2023881
2023882
2023883
2023884
2023885
2023886
2023887
2023888
2023889
2023890
2023891
2023892
2023893
2023894
2023895
2023896
2023897
2023898
2023899
2023900
2023901
2023902
2023903
2023904
2023905
2023906
2023907
2023908
2023909
2023910
2023911
2023912
2023913
2023914
2023915
2023916
2023917
2023918
2023919
2023920
2023921
2023922
2023923
2023924
2023925
2023926
2023927
2023928
2023929
2023930
2023931
2023932
2023933
2023934
2023935
2023936
2023937
2023938
2023939
2023940
2023941
2023942
2023943
2023944
2023945
2023946
2023947
2023948
2023949
2023950
2023951
2023952
2023953
2023954
2023955
2023956
2023957
2023958
2023959
2023960
2023961
2023962
2023963
2023964
2023965
2023966
2023967
2023968
2023969
2023970
2023971
2023972
2023973
2023974
2023975
2023976
2023977
2023978
2023979
2023980
2023981
2023982
2023983
2023984
2023985
2023986
2023987
2023988
2023989
2023990
2023991
2023992
2023993
2023994
2023995
2023996
2023997
2023998
2023999
2024101
2024102
2024103
2024104
2024105
2024106
2024107
2024108
2024109
2024110
2024111
2024112
2024113
2024114
2024115
2024116
2024117
2024118
2024119
2024120
2024121
2024122
2024123
2024124
2024125
2024126
2024127
2024128
2024129
2024130
2024131
2024132
2024133
2024134
2024135
2024136
2024137
2024138
2024139
2024140
2024141
2024142
2024143
2024144
2024145
2024146
2024147
2024148
2024149
2024150
2024151
2024152
2024153
2024154
2024155
2024156
2024157
2024158
2024159
2024160
2024161
2024162
2024163
2024164
2024165
2024166
2024167
2024168
2024169
2024170
2024171
2024172
2024173
2024174
2024175
2024176
2024177
2024178
2024179
2024180
2024181
2024182
2024183
2024184
2024185
2024186
2024187
2024188
2024189
2024190
2024191
2024192
2024193
2024194
2024195
2024196
2024197
2024198
2024199
2024200
2024201
2024202
2024203
2024204
2024205
2024206
2024207
2024208
2024209
2024210
2024211
2024212
2024213
2024214
2024215
2024216
2024217
2024218
2024219
2024220
2024221
2024222
2024223
2024224
2024225
2024226
2024227
2024228
2024229
2024230
2024231
2024232
2024233
2024234
2024235
2024236
2024237
2024238
2024239
2024240
2024241
2024242
2024243
2024244
2024245
2024246
2024247
2024248
2024249
2024250
2024251
2024252
2024253
2024254
2024255
2024256
2024257
2024258
2024259
2024260
2024261
2024262
2024263
2024264
2024265
2024266
2024267
2024268
2024269
2024270
2024271
2024272
2024273
2024274
2024275
2024276
2024277
2024278
2024279
2024280
2024281
2024282
2024283
2024284
2024285
2024286
2024287
2024288
2024289
2024290
2024291
2024292
2024293
2024294
2024295
2024296
2024297
2024298
2024299
2024300
2024301
2024302
2024303
2024304
2024305
2024306
2024307
2024308
2024309
2024310
2024311
2024312
2024313
2024314
2024315
2024316
2024317
2024318
2024319
2024320
2024321
2024322
2024323
2024324
2024325
2024326
2024327
2024328
2024329
2024330
2024331
2024332
2024333
2024334
2024335
2024336
2024337
2024338
2024339
2024340
2024341
2024342
2024343
2024344
2024345
2024346
2024347
2024348
2024349
2024350
2024351
2024352
2024353
2024354
2024355
2024356
2024357
2024358
2024359
2024360
2024361
2024362
2024363
2024364
2024365
2024366
2024367
2024368
2024369
2024370
2024371
2024372
2024373
2024374
2024375
2024376
2024377
2024378
2024379
2024380
2024381
2024382
2024383
2024384
2024385
2024386
2024387
2024388
2024389
2024390
2024391
2024392
2024393
2024394
2024395
2024396
2024397
2024398
2024399
2024400
2024401
2024402
2024403
2024404
2024405
2024406
2024407
2024408
2024409
2024410
2024411
2024412
2024413
2024414
2024415
2024416
2024417
2024418
2024419
2024420
2024421
2024422
2024423
2024424
2024425
2024426
2024427
2024428
2024429
2024430
2024431
2024432
2024433
2024434
2024435
2024436
2024437
2024438
2024439
2024440
2024441
2024442
2024443
2024444
2024445
2024446
2024447
2024448
2024449
2024450
2024451
2024452
2024453
2024454
2024455
2024456
2024457
2024458
2024459
2024460
2024461
2024462
2024463
2024464
2024465
2024466
2024467
2024468
2024469
2024470
2024471
2024472
2024473
2024474
2024475
2024476
2024477
2024478
2024479
2024480
2024481
2024482
2024483
2024484
2024485
2024486
2024487
2024488
2024489
2024490
2024491
2024492
2024493
2024494
2024495
2024496
2024497
2024498
2024499
2024500
2024501
2024502
2024503
2024504
2024505
2024506
2024507
2024508
2024509
2024510
2024511
2024512
2024513
2024514
2024515
2024516
2024517
2024518
2024519
2024520
2024521
2024522
2024523
2024524
2024525
2024526
2024527
2024528
2024529
2024530
2024531
2024532
2024533
2024534
2024535
2024536
2024537
2024538
2024539
2024540
2024541
2024542
2024543
2024544
2024545
2024546
2024547
2024548
2024549
2024550
2024551
2024552
2024553
2024554
2024555
2024556
2024557
2024558
2024559
2024560
2024561
2024562
2024563
2024564
2024565
2024566
2024567
2024568
2024569
2024570
2024571
2024572
2024573
2024574
2024575
2024576
2024577
2024578
2024579
2024580
2024581
2024582
2024583
2024584
2024585
2024586
2024587
2024588
2024589
2024590
2024591
2024592
2024593
2024594
2024595
2024596
2024597
2024598
2024599
2024600
2024601
2024602
2024603
2024604
2024605
2024606
2024607
2024608
2024609
2024610
2024611
2024612
2024613
2024614
2024615
2024616
2024617
2024618
2024619
2024620
2024621
2024622
2024623
2024624
2024625
2024626
2024627
2024628
2024629
2024630
2024631
2024632
2024633
2024634
2024635
2024636
2024637
2024638
2024639
2024640
2024641
2024642
2024643
2024644
2024645
2024646
2024647
2024648
2024649
2024650
2024651
2024652
2024653
2024654
2024655
2024656
2024657
2024658
2024659
2024660
2024661
2024662
2024663
2024664
2024665
2024666
2024667
2024668
2024669
2024670
2024671
2024672
2024673
2024674
2024675
2024676
2024677
2024678
2024679
2024680
2024681
2024682
2024683
2024684
2024685
2024686
2024687
2024688
2024689
2024690
2024691
2024692
2024693
2024694
2024695
2024696
2024697
2024698
2024699
2024700
2024701
2024702
2024703
2024704
2024705
2024706
2024707
2024708
2024709
2024710
2024711
2024712
2024713
2024714
2024715
2024716
2024717
2024718
2024719
2024720
2024721
2024722
2024723
2024724
2024725
2024726
2024727
2024728
2024729
2024730
2024731
2024732
2024733
2024734
2024735
2024736
2024737
2024738
2024739
2024740
2024741
2024742
2024743
2024744
2024745
2024746
2024747
2024748
2024749
2024750
2024751
2024752
2024753
2024754
2024755
2024756
2024757
2024758
2024759
2024760
2024761
2024762
2024763
2024764
2024765
2024766
2024767
2024768
2024769
2024770
2024771
2024772
2024773
2024774
2024775
2024776
2024777
2024778
2024779
2024780
2024781
2024782
2024783
2024784
2024785
2024786
2024787
2024788
2024789
2024790
2024791
2024792
2024793
2024794
2024795
2024796
2024797
2024798
2024799
2024800
2024801
2024802
2024803
2024804
2024805
2024806
2024807
2024808
2024809
2024810
2024811
2024812
2024813
2024814
2024815
2024816
2024817
2024818
2024819
2024820
2024821
2024822
2024823
2024824
2024825
2024826
2024827
2024828
2024829
2024830
2024831
2024832
2024833
2024834
2024835
2024836
2024837
2024838
2024839
2024840
2024841
2024842
2024843
2024844
2024845
2024846
2024847
2024848
2024849
2024850
2024851
2024852
2024853
2024854
2024855
2024856
2024857
2024858
2024859
2024860
2024861
2024862
2024863
2024864
2024865
2024866
2024867
2024868
2024869
2024870
2024871
2024872
2024873
2024874
2024875
2024876
2024877
2024878
2024879
2024880
2024881
2024882
2024883
2024884
2024885
2024886
2024887
2024888
2024889
2024890
2024891
2024892
2024893
2024894
2024895
2024896
2024897
2024898
2024899
2024900
2024901
2024902
2024903
2024904
2024905
2024906
2024907
2024908
2024909
2024910
2024911
2024912
2024913
2024914
2024915
2024916
2024917
2024918
2024919
2024920
2024921
2024922
2024923
2024924
2024925
2024926
2024927
2024928
2024929
2024930
2024931
2024932
2024933
2024934
2024935
2024936
2024937
2024938
2024939
2024940
2024941
2024942
2024943
2024944
2024945
2024946
2024947
2024948
2024949
2024950
2024951
2024952
2024953
2024954
2024955
2024956
2024957
2024958
2024959
2024960
2024961
2024962
2024963
2024964
2024965
2024966
2024967
2024968
2024969
2024970
2024971
2024972
2024973
2024974
2024975
2024976
2024977
2024978
2024979
2024980
2024981
2024982
2024983
2024984
2024985
2024986
2024987
2024988
2024989
2024990
2024991
2024992
2024993
2024994
2024995
2024996
2024997
2024998
2024999
2025001
2025002
2025003
2025004
2025005
2025006
2025007
2025008
2025009
2025010
2025011
2025012
2025013
2025014
2025015
2025016
2025017
2025018
2025019
2025020
2025021
2025022
2025023
2025024
2025025
2025026
2025027
2025028
2025029
2025030
2025031
2025032
2025033
2025034
2025035
2025036
2025037
2025038
2025039
2025040
2025041
2025042
2025043
2025044
2025045
2025046
2025047
2025048
2025049
2025050
2025051
2025052
2025053
2025054
2025055
2025056
2025057
2025058
2025059
2025060
2025061
2025062
2025063
2025064
2025065
2025066
2025067
2025068
2025069
2025070
2025071
2025072
2025073
2025074
2025075
2025076
2025077
2025078
2025079
2025080
2025081
2025082
2025083
2025084
2025085
2025086
2025087
2025088
2025089
2025090
2025091
2025092
2025093
2025094
2025095
2025096
2025097
2025098
2025099
2025100
2025101
2025102
2025103
2025104
2025105
2025106
2025107
2025108
2025109
2025110
2025111
2025112
2025113
2025114
2025115
2025116
2025117
2025118
2025119
2025120
2025121
2025122
2025123
2025124
2025125
2025126
2025127
2025128
2025129
2025130
2025131
2025132
2025133
2025134
2025135
2025136
2025137
2025138
2025139
2025140
2025141
2025142
2025143
2025144
2025145
2025146
2025147
2025148
2025149
2025150
2025151
2025152
2025153
2025154
2025155
2025156
2025157
2025158
2025159
2025160
2025161
2025162
2025163
2025164
2025165
2025166
2025167
2025168
2025169
2025170
2025171
2025172
2025173
2025174
2025175
2025176
2025177
2025178
2025179
2025180
2025181
2025182
2025183
2025184
2025185
2025186
2025187
2025188
2025189
2025190
2025191
2025192
2025193
2025194
2025195
2025196
2025197
2025198
2025199
2025200
2025201
2025202
2025203
2025204
2025205
2025206
2025207
2025208
2025209
2025210
2025211
2025212
2025213
2025214
2025215
2025216
2025217
2025218
2025219
2025220
2025221
2025222
2025223
2025224
2025225
2025226
2025227
2025228
2025229
2025230
2025231
2025232
2025233
2025234
2025235
2025236
2025237
2025238
2025239
2025240
2025241
2025242
2025243
2025244
2025245
2025246
2025247
2025248
2025249
2025250
2025251
2025252
2025253
2025254
2025255
2025256
2025257
2025258
2025259
2025260
2025261
2025262
2025263
2025264
2025265
2025266
2025267
2025268
2025269
2025270
2025271
2025272
2025273
2025274
2025275
2025276
2025277
2025278
2025279
2025280
2025281
2025282
2025283
2025284
2025285
2025286
2025287
2025288
2025289
2025290
2025291
2025292
2025293
2025294
2025295
2025296
2025297
2025298
2025299
2025300
2025301
2025302
2025303
2025304
2025305
2025306
2025307
2025308
2025309
2025310
2025311
2025312
2025313
2025314
2025315
2025316
2025317
2025318
2025319
2025320
2025321
2025322
2025323
2025324
2025325
2025326
2025327
2025328
2025329
2025330
2025331
2025332
2025333
2025334
2025335
2025336
2025337
2025338
2025339
2025340
2025341
2025342
2025343
2025344
2025345
2025346
2025347
2025348
2025349
2025350
2025351
2025352
2025353
2025354
2025355
2025356
2025357
2025358
2025359
2025360
2025361
2025362
2025363
2025364
2025365
2025366
2025367
2025368
2025369
2025370
2025371
2025372
2025373
2025374
2025375
2025376
2025377
2025378
2025379
2025380
2025381
2025382
2025383
2025384
2025385
2025386
2025387
2025388
2025389
2025390
2025391
2025392
2025393
2025394
2025395
2025396
2025397
2025398
2025399
2025400
2025401
2025402
2025403
2025404
2025405
2025406
2025407
2025408
2025409
2025410
2025411
2025412
2025413
2025414
2025415
2025416
2025417
2025418
2025419
2025420
2025421
2025422
2025423
2025424
2025425
2025426
2025427
2025428
2025429
2025430
2025431
2025432
2025433
2025434
2025435
2025436
2025437
2025438
2025439
2025440
2025441
2025442
2025443
2025444
2025445
2025446
2025447
2025448
2025449
2025450
2025451
2025452
2025453
2025454
2025455
2025456
2025457
2025458
2025459
2025460
2025461
2025462
2025463
2025464
2025465
2025466
2025467
2025468
2025469
2025470
2025471
2025472
2025473
2025474
2025475
2025476
2025477
2025478
2025479
2025480
2025481
2025482
2025483
2025484
2025485
2025486
2025487
2025488
2025489
2025490
2025491
2025492
2025493
2025494
2025495
2025496
2025497
2025498
2025499
2025500
2025501
2025502
2025503
2025504
2025505
2025506
2025507
2025508
2025509
2025510
2025511
2025512
2025513
2025514
2025515
2025516
2025517
2025518
2025519
2025520
2025521
2025522
2025523
2025524
2025525
2025526
2025527
2025528
2025529
2025530
2025531
2025532
2025533
2025534
2025535
2025536
2025537
2025538
2025539
2025540
2025541
2025542
2025543
2025544
2025545
2025546
2025547
2025548
2025549
2025550
2025551
2025552
2025553
2025554
2025555
2025556
2025557
2025558
2025559
2025560
2025561
2025562
2025563
2025564
2025565
2025566
2025567
2025568
2025569
2025570
2025571
2025572
2025573
2025574
2025575
2025576
2025577
2025578
2025579
2025580
2025581
2025582
2025583
2025584
2025585
2025586
2025587
2025588
2025589
2025590
2025591
2025592
2025593
2025594
2025595
2025596
2025597
2025598
2025599
2025600
2025601
2025602
2025603
2025604
2025605
2025606
2025607
2025608
2025609
2025610
2025611
2025612
2025613
2025614
2025615
2025616
2025617
2025618
2025619
2025620
2025621
2025622
2025623
2025624
2025625
2025626
2025627
2025628
2025629
2025630
2025631
2025632
2025633
2025634
2025635
2025636
2025637
2025638
2025639
2025640
2025641
2025642
2025643
2025644
2025645
2025646
2025647
2025648
2025649
2025650
2025651
2025652
2025653
2025654
2025655
2025656
2025657
2025658
2025659
2025660
2025661
2025662
2025663
2025664
2025665
2025666
2025667
2025668
2025669
2025670
2025671
2025672
2025673
2025674
2025675
2025676
2025677
2025678
2025679
2025680
2025681
2025682
2025683
2025684
2025685
2025686
2025687
2025688
2025689
2025690
2025691
2025692
2025693
2025694
2025695
2025696
2025697
2025698
2025699
2025700
2025701
2025702
2025703
2025704
2025705
2025706
2025707
2025708
2025709
2025710
2025711
2025712
2025713
2025714
2025715
2025716
2025717
2025718
2025719
2025720
2025721
2025722
2025723
2025724
2025725
2025726
2025727
2025728
2025729
2025730
2025731
2025732
2025733
2025734
2025735
2025736
2025737
2025738
2025739
2025740
2025741
2025742
2025743
2025744
2025745
2025746
2025747
2025748
2025749
2025750
2025751
2025752
2025753
2025754
2025755
2025756
2025757
2025758
2025759
2025760
2025761
2025762
2025763
2025764
2025765
2025766
2025767
2025768
2025769
2025770
2025771
2025772
2025773
2025774
2025775
2025776
2025777
2025778
2025779
2025780
2025781
2025782
2025783
2025784
2025785
2025786
2025787
2025788
2025789
2025790
2025791
2025792
2025793
2025794
2025795
2025796
2025797
2025798
2025799
2025800
2025801
2025802
2025803
2025804
2025805
2025806
2025807
2025808
2025809
2025810
2025811
2025812
2025813
2025814
2025815
2025816
2025817
2025818
2025819
2025820
2025821
2025822
2025823
2025824
2025825
2025826
2025827
2025828
2025829
2025830
2025831
2025832
2025833
2025834
2025835
2025836
2025837
2025838
2025839
2025840
2025841
2025842
2025843
2025844
2025845
2025846
2025847
2025848
2025849
2025850
2025851
2025852
2025853
2025854
2025855
2025856
2025857
2025858
2025859
2025860
2025861
2025862
2025863
2025864
2025865
2025866
2025867
2025868
2025869
2025870
2025871
2025872
2025873
2025874
2025875
2025876
2025877
2025878
2025879
2025880
2025881
2025882
2025883
2025884
2025885
2025886
2025887
2025888
2025889
2025890
2025891
2025892
2025893
2025894
2025895
2025896
2025897
2025898
2025899
2025900
2025901
2025902
2025903
2025904
2025905
2025906
2025907
2025908
2025909
2025910
2025911
2025912
2025913
2025914
2025915
2025916
2025917
2025918
2025919
2025920
2025921
2025922
2025923
2025924
2025925
2025926
2025927
2025928
2025929
2025930
2025931
2025932
2025933
2025934
2025935
2025936
2025937
2025938
2025939
2025940
2025941
2025942
2025943
2025944
2025945
2025946
2025947
2025948
2025949
2025950
2025951
2025952
2025953
2025954
2025955
2025956
2025957
2025958
2025959
2025960
2025961
2025962
2025963
2025964
2025965
2025966
2025967
2025968
2025969
2025970
2025971
2025972
2025973
2025974
2025975
2025976
2025977
2025978
2025979
2025980
2025981
2025982
2025983
2025984
2025985
2025986
2025987
2025988
2025989
2025990
2025991
2025992
2025993
2025994
2025995
2025996
2025997
2025998
2025999
2026001
2026002
2026003
2026004
2026005
2026006
2026007
2026008
2026009
2026010
2026011
2026012
2026013
2026014
2026015
2026016
2026017
2026018
2026019
2026020
2026021
2026022
2026023
2026024
2026025
2026026
2026027
2026028
2026029
2026030
2026031
2026032
2026033
2026034
2026035
2026036
2026037
2026038
2026039
2026040
2026041
2026042
2026043
2026044
2026045
2026046
2026047
2026048
2026049
2026050
2026051
2026052
2026053
2026054
2026055
2026056
2026057
2026058
2026059
2026060
2026061
2026062
2026063
2026064
2026065
2026066
2026067
2026068
2026069
2026070
2026071
2026072
2026073
2026074
2026075
2026076
2026077
2026078
2026079
2026080
2026081
2026082
2026083
2026084
2026085
2026086
2026087
2026088
2026089
2026090
2026091
2026092
2026093
2026094
2026095
2026096
2026097
2026098
2026099
2026100
2026101
2026102
2026103
2026104
2026105
2026106
2026107
2026108
2026109
2026110
2026111
2026112
2026113
2026114
2026115
2026116
2026117
2026118
2026119
2026120
2026121
2026122
2026123
2026124
2026125
2026126
2026127
2026128
2026129
2026130
2026131
2026132
2026133
2026134
2026135
2026136
2026137
2026138
2026139
2026140
2026141
2026142
2026143
2026144
2026145
2026146
2026147
2026148
2026149
2026150
2026151
2026152
2026153
2026154
2026155
2026156
2026157
2026158
2026159
2026160
2026161
2026162
2026163
2026164
2026165
2026166
2026167
2026168
2026169
2026170
2026171
2026172
2026173
2026174
2026175
2026176
2026177
2026178
2026179
2026180
2026181
2026182
2026183
2026184
2026185
2026186
2026187
2026188
2026189
2026190
2026191
2026192
2026193
2026194
2026195
2026196
2026197
2026198
2026199
2026200
2026201
2026202
2026203
2026204
2026205
2026206
2026207
2026208
2026209
2026210
2026211
2026212
2026213
2026214
2026215
2026216
2026217
2026218
2026219
2026220
2026221
2026222
2026223
2026224
2026225
2026226
2026227
2026228
2026229
2026230
2026231
2026232
2026233
2026234
2026235
2026236
2026237
2026238
2026239
2026240
2026241
2026242
2026243
2026244
2026245
2026246
2026247
2026248
2026249
2026250
2026251
2026252
2026253
2026254
2026255
2026256
2026257
2026258
2026259
2026260
2026261
2026262
2026263
2026264
2026265
2026266
2026267
2026268
2026269
2026270
2026271
2026272
2026273
2026274
2026275
2026276
2026277
2026278
2026279
2026280
2026281
2026282
2026283
2026284
2026285
2026286
2026287
2026288
2026289
2026290
2026291
2026292
2026293
2026294
2026295
2026296
2026297
2026298
2026299
2026300
2026301
2026302
2026303
2026304
2026305
2026306
2026307
2026308
2026309
2026310
2026311
2026312
2026313
2026314
2026315
2026316
2026317
2026318
2026319
2026320
2026321
2026322
2026323
2026324
2026325
2026326
2026327
2026328
2026329
2026330
2026331
2026332
2026333
2026334
2026335
2026336
2026337
2026338
2026339
2026340
2026341
2026342
2026343
2026344
2026345
2026346
2026347
2026348
2026349
2026350
2026351
2026352
2026353
2026354
2026355
2026356
2026357
2026358
2026359
2026360
2026361
2026362
2026363
2026364
2026365
2026366
2026367
2026368
2026369
2026370
2026371
2026372
2026373
2026374
2026375
2026376
2026377
2026378
2026379
2026380
2026381
2026382
2026383
2026384
2026385
2026386
2026387
2026388
2026389
2026390
2026391
2026392
2026393
2026394
2026395
2026396
2026397
2026398
2026399
2026400
2026401
2026402
2026403
2026404
2026405
2026406
2026407
2026408
2026409
2026410
2026411
2026412
2026413
2026414
2026415
2026416
2026417
2026418
2026419
2026420
2026421
2026422
2026423
2026424
2026425
2026426
2026427
2026428
2026429
2026430
2026431
2026432
2026433
2026434
2026435
2026436
2026437
2026438
2026439
2026440
2026441
2026442
2026443
2026444
2026445
2026446
2026447
2026448
2026449
2026450
2026451
2026452
2026453
2026454
2026455
2026456
2026457
2026458
2026459
2026460
2026461
2026462
2026463
2026464
2026465
2026466
2026467
2026468
2026469
2026470
2026471
2026472
2026473
2026474
2026475
2026476
2026477
2026478
2026479
2026480
2026481
2026482
2026483
2026484
2026485
2026486
2026487
2026488
2026489
2026490
2026491
2026492
2026493
2026494
2026495
2026496
2026497
2026498
2026499
2026500
2026501
2026502
2026503
2026504
2026505
2026506
2026507
2026508
2026509
2026510
2026511
2026512
2026513
2026514
2026515
2026516
2026517
2026518
2026519
2026520
2026521
2026522
2026523
2026524
2026525
2026526
2026527
2026528
2026529
2026530
2026531
2026532
2026533
2026534
2026535
2026536
2026537
2026538
2026539
2026540
2026541
2026542
2026543
2026544
2026545
2026546
2026547
2026548
2026549
2026550
2026551
2026552
2026553
2026554
2026555
2026556
2026557
2026558
2026559
2026560
2026561
2026562
2026563
2026564
2026565
2026566
2026567
2026568
2026569
2026570
2026571
2026572
2026573
2026574
2026575
2026576
2026577
2026578
2026579
2026580
2026581
2026582
2026583
2026584
2026585
2026586
2026587
2026588
2026589
2026590
2026591
2026592
2026593
2026594
2026595
2026596
2026597
2026598
2026599
2026600
2026601
2026602
2026603
2026604
2026605
2026606
2026607
2026608
2026609
2026610
2026611
2026612
2026613
2026614
2026615
2026616
2026617
2026618
2026619
2026620
2026621
2026622
2026623
2026624
2026625
2026626
2026627
2026628
2026629
2026630
2026631
2026632
2026633
2026634
2026635
2026636
2026637
2026638
2026639
2026640
2026641
2026642
2026643
2026644
2026645
2026646
2026647
2026648
2026649
2026650
2026651
2026652
2026653
2026654
2026655
2026656
2026657
2026658
2026659
2026660
2026661
2026662
2026663
2026664
2026665
2026666
2026667
2026668
2026669
2026670
2026671
2026672
2026673
2026674
2026675
2026676
2026677
2026678
2026679
2026680
2026681
2026682
2026683
2026684
2026685
2026686
2026687
2026688
2026689
2026690
2026691
2026692
2026693
2026694
2026695
2026696
2026697
2026698
2026699
2026700
2026701
2026702
2026703
2026704
2026705
2026706
2026707
2026708
2026709
2026710
2026711
2026712
2026713
2026714
2026715
2026716
2026717
2026718
2026719
2026720
2026721
2026722
2026723
2026724
2026725
2026726
2026727
2026728
2026729
2026730
2026731
2026732
2026733
2026734
2026735
2026736
2026737
2026738
2026739
2026740
2026741
2026742
2026743
2026744
2026745
2026746
2026747
2026748
2026749
2026750
2026751
2026752
2026753
2026754
2026755
2026756
2026757
2026758
2026759
2026760
2026761
2026762
2026763
2026764
2026765
2026766
2026767
2026768
2026769
2026770
2026771
2026772
2026773
2026774
2026775
2026776
2026777
2026778
2026779
2026780
2026781
2026782
2026783
2026784
2026785
2026786
2026787
2026788
2026789
2026790
2026791
2026792
2026793
2026794
2026795
2026796
2026797
2026798
2026799
2026800
2026801
2026802
2026803
2026804
2026805
2026806
2026807
2026808
2026809
2026810
2026811
2026812
2026813
2026814
2026815
2026816
2026817
2026818
2026819
2026820
2026821
2026822
2026823
2026824
2026825
2026826
2026827
2026828
2026829
2026830
2026831
2026832
2026833
2026834
2026835
2026836
2026837
2026838
2026839
2026840
2026841
2026842
2026843
2026844
2026845
2026846
2026847
2026848
2026849
2026850
2026851
2026852
2026853
2026854
2026855
2026856
2026857
2026858
2026859
2026860
2026861
2026862
2026863
2026864
2026865
2026866
2026867
2026868
2026869
2026870
2026871
2026872
2026873
2026874
2026875
2026876
2026877
2026878
2026879
2026880
2026881
2026882
2026883
2026884
2026885
2026886
2026887
2026888
2026889
2026890
2026891
2026892
2026893
2026894
2026895
2026896
2026897
2026898
2026899
2026900
2026901
2026902
2026903
2026904
2026905
2026906
2026907
2026908
2026909
2026910
2026911
2026912
2026913
2026914
2026915
2026916
2026917
2026918
2026919
2026920
2026921
2026922
2026923
2026924
2026925
2026926
2026927
2026928
2026929
2026930
2026931
2026932
2026933
2026934
2026935
2026936
2026937
2026938
2026939
2026940
2026941
2026942
2026943
2026944
2026945
2026946
2026947
2026948
2026949
2026950
2026951
2026952
2026953
2026954
2026955
2026956
2026957
2026958
2026959
2026960
2026961
2026962
2026963
2026964
2026965
2026966
2026967
2026968
2026969
2026970
2026971
2026972
2026973
2026974
2026975
2026976
2026977
2026978
2026979
2026980
2026981
2026982
2026983
2026984
2026985
2026986
2026987
2026988
2026989
2026990
2026991
2026992
2026993
2026994
2026995
2026996
2026997
2026998
2026999
2103599
2103600
2103601
2103602
2103603
2103604
2103605
2103606
2103607
2103608
2103609
2103610
2103611
2103612
2103613
2103614
2103615
2103616
2103617
2103618
2103619
2103620
2103621
2103622
2103623
2103624
2103625
2103626
2103627
2103628
2103629
2103630
2103631
2103632
2103633
2103634
2103635
2103636
2103637
2103638
2103639
2103640
2103641
2103642
2103643
2103644
2103645
2103646
2103647
2103648
2103649
2103650
2103651
2103652
2103653
2103654
2103655
2103656
2103657
2103658
2103659
2103660
2103661
2103662
2103663
2103664
2103665
2103666
2103667
2103668
2103669
2103670
2103671
2103672
2103673
2103674
2103675
2103676
2103677
2103678
2103679
2103680
2103681
2103682
2103683
2103684
2103685
2103686
2103687
2103688
2103689
2103690
2103691
2103692
2103693
2103694
2103695
2103696
2103697
2103698
2103699
2103700
2103701
2103702
2103703
2103704
2103705
2103706
2103707
2103708
2103709
2103710
2103711
2103712
2103713
2103714
2103715
2103716
2103717
